1.655366921405788898e+09
1.655368101771997929e+09
1.655368165240070820e+09
1.655368200706471920e+09
1.655368294803009033e+09
1.655368367068710804e+09
1.655368459661767006e+09
1.655368507562145948e+09
1.655368621431640148e+09
1.655368757724533081e+09
1.655368867384180069e+09
1.655368892622101068e+09
1.655368959610693216e+09
1.655369063726141930e+09
1.655369082431617022e+09
1.655370238620157957e+09
1.655370262540560961e+09
1.655370336513331890e+09
1.655370386708120108e+09
1.655370417051726103e+09
1.655371626843324900e+09
1.655372171005519152e+09
1.655372271157019854e+09
1.655372325017930984e+09
1.655372646502937078e+09
1.655372890739322901e+09
1.655373020250181913e+09
1.655373177691825867e+09
1.655373178691668034e+09
1.655373250061208010e+09
1.655373251197340012e+09
1.655373433717845917e+09
1.655373434684007883e+09
1.655379122379011154e+09
1.655379123296763897e+09
1.655379124220153093e+09
1.655379125039500952e+09
1.655379125779762983e+09
1.655379126680079222e+09
1.655379127499504089e+09
1.655379128420963049e+09
1.655379129343282938e+09
1.655379130262523890e+09
1.655379131289345026e+09
1.655379132198224783e+09
1.655379133028213024e+09
1.655379133949838161e+09
1.655379134830154896e+09
1.655379135745628834e+09
1.655379136612833023e+09
1.655379137373840809e+09
1.655379138251994133e+09
1.655379139175966024e+09
1.655379139997477055e+09
1.655379140722027063e+09
1.655379141524836063e+09
1.655379142240395069e+09
1.655379142957295179e+09
1.655379143879001141e+09
1.655379144698801994e+09
1.655379145520212889e+09
1.655379146339496851e+09
1.655379147166174889e+09
1.655379148080783844e+09
1.655379148901299953e+09
1.655379149822498083e+09
1.655379150743144989e+09
1.655379151562895060e+09
1.655379152382462025e+09
1.655379153306082010e+09
1.655379154121850014e+09
1.655379154940538883e+09
1.655379155861377001e+09
1.655379156784806967e+09
1.655379157604664087e+09
1.655379158424139023e+09
1.655379159239142895e+09
1.655379160057971001e+09
1.655379160835975885e+09
1.655379161696757078e+09
1.655379162519238949e+09
1.655379163443376780e+09
1.655379164260445833e+09
1.655379165082494020e+09
1.655379165900793076e+09
1.655379166717725039e+09
1.655379167357333899e+09
